0.01 1 5 0.65 4951 3.557816 0.9509998
0.1 1 5 0.65 1542 3.429479 0.9620609
0.3 1 5 0.65 452 3.462898 0.9608724
0.01 3 5 0.65 4897 2.782291 0.9853981
0.1 3 5 0.65 322 3.004918 0.9802582
0.3 3 5 0.65 203 2.973767 0.9841781
0.01 5 5 0.65 4137 2.796934 0.9876546
0.1 5 5 0.65 236 3.034499 0.9832712
0.3 5 5 0.65 127 2.729782 0.9869481
0.01 1 10 0.65 4951 3.580018 0.9489789
0.1 1 10 0.65 2950 3.44243 0.967726
0.3 1 10 0.65 1091 3.30999 0.9695243
0.01 3 10 0.65 4926 2.896927 0.9830783
0.1 3 10 0.65 474 3.001823 0.9812562
0.3 3 10 0.65 111 3.193156 0.9748059
0.01 5 10 0.65 4160 2.939342 0.9855765
0.1 5 10 0.65 365 3.036199 0.9839033
0.3 5 10 0.65 104 2.944531 0.98323
0.01 1 15 0.65 4954 3.629644 0.9480942
0.1 1 15 0.65 3816 3.386284 0.9719826
0.3 1 15 0.65 807 3.369335 0.966073
0.01 3 15 0.65 4984 3.137131 0.9792103
0.1 3 15 0.65 594 3.245874 0.9791435
0.3 3 15 0.65 312 3.411257 0.9800158
0.01 5 15 0.65 4089 3.149138 0.9821076
0.1 5 15 0.65 553 3.076361 0.9841922
0.3 5 15 0.65 227 3.170197 0.9839028
0.01 1 5 0.8 4702 3.600518 0.9508776
0.1 1 5 0.8 1752 3.431364 0.9623637
0.3 1 5 0.8 456 3.57363 0.9586545
0.01 3 5 0.8 4884 2.837197 0.9852038
0.1 3 5 0.8 662 2.912182 0.985835
0.3 3 5 0.8 204 3.051378 0.9838297
0.01 5 5 0.8 3019 2.778927 0.9869945
0.1 5 5 0.8 288 3.012142 0.9847448
0.3 5 5 0.8 88 2.685273 0.9862784
0.01 1 10 0.8 4797 3.568286 0.9494371
0.1 1 10 0.8 4586 3.333179 0.9726463
0.3 1 10 0.8 2125 3.468782 0.9744231
0.01 3 10 0.8 4984 2.860405 0.9838807
0.1 3 10 0.8 674 2.935579 0.9848221
0.3 3 10 0.8 158 3.025272 0.9817535
0.01 5 10 0.8 3699 2.870885 0.9860587
0.1 5 10 0.8 465 2.936911 0.9861505
0.3 5 10 0.8 81 3.240749 0.9793641
0.01 1 15 0.8 4979 3.632222 0.9480133
0.1 1 15 0.8 3175 3.427831 0.9678472
0.3 1 15 0.8 474 3.495862 0.9578859
0.01 3 15 0.8 4910 3.03225 0.9808241
0.1 3 15 0.8 992 3.121825 0.9837942
0.3 3 15 0.8 112 3.296831 0.9729586
0.01 5 15 0.8 4052 3.041682 0.9838494
0.1 5 15 0.8 334 3.0599 0.9824285
0.3 5 15 0.8 154 3.123207 0.9833223
0.01 1 5 1 4988 3.663348 0.9476876
0.1 1 5 1 2265 3.504775 0.9610128
0.3 1 5 1 930 3.530226 0.9623622
0.01 3 5 1 4753 2.92487 0.9840731
0.1 3 5 1 250 2.910668 0.9799058
0.3 3 5 1 159 2.948519 0.9845851
0.01 5 5 1 2543 2.83752 0.9855254
0.1 5 5 1 128 2.800982 0.9803835
0.3 5 5 1 246 2.872066 0.9878781
0.01 1 10 1 5000 3.654997 0.947239
0.1 1 10 1 3348 3.491084 0.9632105
0.3 1 10 1 1418 3.504145 0.9649854
0.01 3 10 1 4129 2.991354 0.9811073
0.1 3 10 1 629 3.048065 0.9834043
0.3 3 10 1 230 3.086006 0.9837462
0.01 5 10 1 2815 3.0316 0.9828342
0.1 5 10 1 337 2.978328 0.9845863
0.3 5 10 1 137 3.082321 0.9845103
0.01 1 15 1 5000 3.70466 0.9451208
0.1 1 15 1 2557 3.585042 0.9581037
0.3 1 15 1 1010 3.623032 0.9589491
0.01 3 15 1 4995 3.04904 0.9802774
0.1 3 15 1 604 3.096912 0.9815211
0.3 3 15 1 140 3.109663 0.9789466
0.01 5 15 1 3547 3.139303 0.9821514
0.1 5 15 1 408 3.201995 0.9823819
0.3 5 15 1 127 3.196161 0.9820688
